me:    X
enemy: O

Field: 15 - 17
[.................]
[.................]
[.................]
[.................]
[.................]
[.................]
[.................]
[..O..............]
[.OO..............]
[.................]
[.................]
[.................]
[..............X..]
[.................]
[.................]
enemy_num: -2
current_piecer[7][2]
last_piece[-1][0]
heatmap
 15 15 15 15 15 15 15 15 15 15 15 15 15 15 15 15 15
 14 14 14 14 14 14 14 14 14 14 14 14 14 14 14 14 14
 13 13 13 13 13 13 13 13 13 13 13 13 13 13 13 13 13
 12 12 12 12 12 12 12 12 12 12 12 12 12 12 12 12 12
 11 11 11 11 11 11 11 11 11 11 11 11 11 11 11 11 11
 10 10 10 10 10 10 10 10 10 10 10 10 10 10 10 10 10
  9  9  9  9  9  9  9  9  9  9  9  9  9  9  9  9  9
  8  8 -2  8  8  8  8  8  8  8  8  8  8  8  8  8  8
  7 -2 -2  7  7  7  7  7  7  7  7  7  7  7  7  7  7
  6  6  6  6  6  6  6  6  6  6  6  6  6  6  6  6  6
  5  5  5  5  5  5  5  5  5  5  5  5  5  5  5  5  5
  4  4  4  4  4  4  4  4  4  4  4  4  4  4  4  4  4
  3  3  3  3  3  3  3  3  3  3  3  3  3  3  0  3  3
  2  2  2  2  2  2  2  2  2  2  2  2  2  2  2  2  2
  1  1  1  1  1  1  1  1  1  1  1  1  1  1  1  1  1
me:    X
enemy: O

Field: 15 - 17
[.................]
[.................]
[.................]
[.................]
[.................]
[.................]
[.................]
[.OO..............]
[OOO..............]
[.................]
[.................]
[.................]
[..............X..]
[.................]
[.................]

[first_star: 1]
[last_star: 1]
[num lines: 2]
[num collums: 1]
[start: 0]

temp_piece: 2 - 1
[*]
[*]

Piece cut
enemy_num: -2
current_piecer[7][1]
last_piece[-1][0]
heatmap
 15 15 15 15 15 15 15 15 15 15 15 15 15 15 15 15 15
 14 14 14 14 14 14 14 14 14 14 14 14 14 14 14 14 14
 13 13 13 13 13 13 13 13 13 13 13 13 13 13 13 13 13
 12 12 12 12 12 12 12 12 12 12 12 12 12 12 12 12 12
 11 11 11 11 11 11 11 11 11 11 11 11 11 11 11 11 11
 10 10 10 10 10 10 10 10 10 10 10 10 10 10 10 10 10
  9  9  9  9  9  9  9  9  9  9  9  9  9  9  9  9  9
  8 -2 -2  8  8  8  8  8  8  8  8  8  8  8  8  8  8
 -2 -2 -2  7  7  7  7  7  7  7  7  7  7  7  7  7  7
  6  6  6  6  6  6  6  6  6  6  6  6  6  6  6  6  6
  5  5  5  5  5  5  5  5  5  5  5  5  5  5  5  5  5
  4  4  4  4  4  4  4  4  4  4  4  4  4  4  4  4  4
  3  3  3  3  3  3  3  3  3  3  3  3  3  3  0  3  3
  2  2  2  2  2  2  2  2  2  2  2  2  2  2  2  2  2
  1  1  1  1  1  1  1  1  1  1  1  1  1  1  1  1  1
me:    X
enemy: O

Field: 15 - 17
[.................]
[.................]
[.................]
[.................]
[.................]
[.................]
[.................]
[..O..............]
[..O..............]
[.................]
[.................]
[.................]
[..............X..]
[.................]
[.................]

[first_star: 1]
[last_star: 2]
[num lines: 1]
[num collums: 2]
[start: 0]

temp_piece: 1 - 2
[**]

Piece cut
[**]
enemy_num: -2
current_piece[7][2]
last_piece[-1][0]
heatmap
 15 15 15 15 15 15 15 15 15 15 15 15 15 15 15 15 15
 14 14 14 14 14 14 14 14 14 14 14 14 14 14 14 14 14
 13 13 13 13 13 13 13 13 13 13 13 13 13 13 13 13 13
 12 12 12 12 12 12 12 12 12 12 12 12 12 12 12 12 12
 11 11 11 11 11 11 11 11 11 11 11 11 11 11 11 11 11
 10 10 10 10 10 10 10 10 10 10 10 10 10 10 10 10 10
  9  9  9  9  9  9  9  9  9  9  9  9  9  9  9  9  9
  8  8 -2  8  8  8  8  8  8  8  8  8  8  8  8  8  8
  7  7 -2  7  7  7  7  7  7  7  7  7  7  7  7  7  7
  6  6  6  6  6  6  6  6  6  6  6  6  6  6  6  6  6
  5  5  5  5  5  5  5  5  5  5  5  5  5  5  5  5  5
  4  4  4  4  4  4  4  4  4  4  4  4  4  4  4  4  4
  3  3  3  3  3  3  3  3  3  3  3  3  3  3  0  3  3
  2  2  2  2  2  2  2  2  2  2  2  2  2  2  2  2  2
  1  1  1  1  1  1  1  1  1  1  1  1  1  1  1  1  1
me:    X
enemy: O

Field: 15 - 17
[.................]
[.................]
[.................]
[.................]
[.................]
[.................]
[.................]
[.................]
[.OO..............]
[.................]
[.................]
[.................]
[..............X..]
[.................]
[.................]

[first_star: 2]
[last_star: 3]
[num lines: 1]
[num collums: 2]
[start: 0]

temp_piece: 2 - 3
[.**]
[...]

Piece cut
[**]
enemy_num: -1
current_piece[8][1]
last_piece[0][0]
heatmap
 15 15 15 15 15 15 15 15 15 15 15 15 15 15 15 15 15
 14 14 14 14 14 14 14 14 14 14 14 14 14 14 14 14 14
 13 13 13 13 13 13 13 13 13 13 13 13 13 13 13 13 13
 12 12 12 12 12 12 12 12 12 12 12 12 12 12 12 12 12
 11 11 11 11 11 11 11 11 11 11 11 11 11 11 11 11 11
 10 10 10 10 10 10 10 10 10 10 10 10 10 10 10 10 10
  9  9  9  9  9  9  9  9  9  9  9  9  9  9  9  9  9
  8  8  8  8  8  8  8  8  8  8  8  8  8  8  8  8  8
  7 -1 -1  7  7  7  7  7  7  7  7  7  7  7  7  7  7
  6  6  6  6  6  6  6  6  6  6  6  6  6  6  6  6  6
  5  5  5  5  5  5  5  5  5  5  5  5  5  5  5  5  5
  4  4  4  4  4  4  4  4  4  4  4  4  4  4  4  4  4
  3  3  3  3  3  3  3  3  3  3  3  3  3  3  3  3  3
  2  2  2  2  2  2  2  2  2  2  2  2  2  2  2  2  2
  1  1  1  1  1  1  1  1  1  1  1  1  1  1  1  1  1
me:    X
enemy: O

Field: 15 - 17
[.................]
[.................]
[.................]
[.................]
[.................]
[.................]
[.................]
[.................]
[.OO..............]
[.................]
[.................]
[.................]
[..............X..]
[.................]
[.................]

[first_star: 1]
[last_star: 2]
[num lines: 1]
[num collums: 2]
[start: 0]

temp_piece: 1 - 2
[**]

Piece cut
[**]
enemy_num: -2
current_piece[8][1]
last_piece[-1][0]
heatmap
 15 15 15 15 15 15 15 15 15 15 15 15 15 15 15 15 15
 14 14 14 14 14 14 14 14 14 14 14 14 14 14 14 14 14
 13 13 13 13 13 13 13 13 13 13 13 13 13 13 13 13 13
 12 12 12 12 12 12 12 12 12 12 12 12 12 12 12 12 12
 11 11 11 11 11 11 11 11 11 11 11 11 11 11 11 11 11
 10 10 10 10 10 10 10 10 10 10 10 10 10 10 10 10 10
  9  9  9  9  9  9  9  9  9  9  9  9  9  9  9  9  9
  8  8  8  8  8  8  8  8  8  8  8  8  8  8  8  8  8
  7 -2 -2  7  7  7  7  7  7  7  7  7  7  7  7  7  7
  6  6  6  6  6  6  6  6  6  6  6  6  6  6  6  6  6
  5  5  5  5  5  5  5  5  5  5  5  5  5  5  5  5  5
  4  4  4  4  4  4  4  4  4  4  4  4  4  4  4  4  4
  3  3  3  3  3  3  3  3  3  3  3  3  3  3  0  3  3
  2  2  2  2  2  2  2  2  2  2  2  2  2  2  2  2  2
  1  1  1  1  1  1  1  1  1  1  1  1  1  1  1  1  1
